{
 "cells": [
  {
   "cell_type": "markdown",
   "metadata": {},
   "source": [
    "# Analysis of the gradient conflict of Llama model and its K-neuron variants\n",
    "\n",
    " - gradient conflict\n",
    " - dominating gradient\n",
    "\n",
    "目前发现使用topk neuron可能会让模型的gradient conflict增加（无论如何调整gradeint 的norm以及cos相似度大小阈值）\n",
    "\n",
    "**Further analysis**\n",
    " - [ ] Analyze layer by layer, starting from the last layer first\n",
    " - [ ] Analyze neuron by neuron, starting from the neuron that receives max activation values (这个和考虑梯度norm的应该是很类似的，因为接收到更大激活值的neuron，按理来说应该有更大的梯度)\n",
    " - [ ] Analyze weight by weight, 目前是以neuron为单位进行分析的，去看一下 gradient surgery 那篇文章是以什么为单位进行讨论的\n",
    " - [ ] Analyze batch by batch, 目前是以sample为单位进行分析的，不过感觉batch_size=1也是一种情况，不应该被特殊处理，即batch_size为多少都应该\n",
    " - [ ] **第一优先级** 有一种可能是topk的选取方式让neuron在不同sample上获取了更加平均的梯度，即梯度不会被一个sample所dominate。因此即使梯度有冲突也可以很好的average之后进行很好的优化。"
   ]
  },
  {
   "cell_type": "code",
   "execution_count": 1,
   "metadata": {},
   "outputs": [
    {
     "name": "stderr",
     "output_type": "stream",
     "text": [
      "/home/hkustadmin/miniconda3/envs/emo/lib/python3.9/site-packages/tqdm/auto.py:22: TqdmWarning: IProgress not found. Please update jupyter and ipywidgets. See https://ipywidgets.readthedocs.io/en/stable/user_install.html\n",
      "  from .autonotebook import tqdm as notebook_tqdm\n",
      "Loading checkpoint shards: 100%|██████████| 2/2 [00:06<00:00,  3.07s/it]\n",
      "/home/hkustadmin/miniconda3/envs/emo/lib/python3.9/site-packages/transformers/generation/configuration_utils.py:362: UserWarning: `do_sample` is set to `False`. However, `temperature` is set to `0.9` -- this flag is only used in sample-based generation modes. You should set `do_sample=True` or unset `temperature`. This was detected when initializing the generation config instance, which means the corresponding file may hold incorrect parameterization and should be fixed.\n",
      "  warnings.warn(\n",
      "/home/hkustadmin/miniconda3/envs/emo/lib/python3.9/site-packages/transformers/generation/configuration_utils.py:367: UserWarning: `do_sample` is set to `False`. However, `top_p` is set to `0.6` -- this flag is only used in sample-based generation modes. You should set `do_sample=True` or unset `top_p`. This was detected when initializing the generation config instance, which means the corresponding file may hold incorrect parameterization and should be fixed.\n",
      "  warnings.warn(\n"
     ]
    },
    {
     "data": {
      "text/plain": [
       "LlamaForCausalLM(\n",
       "  (model): LlamaModel(\n",
       "    (embed_tokens): Embedding(32000, 4096, padding_idx=0)\n",
       "    (layers): ModuleList(\n",
       "      (0-31): 32 x LlamaDecoderLayer(\n",
       "        (self_attn): LlamaAttention(\n",
       "          (q_proj): Linear(in_features=4096, out_features=4096, bias=False)\n",
       "          (k_proj): Linear(in_features=4096, out_features=4096, bias=False)\n",
       "          (v_proj): Linear(in_features=4096, out_features=4096, bias=False)\n",
       "          (o_proj): Linear(in_features=4096, out_features=4096, bias=False)\n",
       "          (rotary_emb): LlamaRotaryEmbedding()\n",
       "        )\n",
       "        (mlp): LlamaMLP(\n",
       "          (gate_proj): Linear(in_features=4096, out_features=11008, bias=False)\n",
       "          (up_proj): Linear(in_features=4096, out_features=11008, bias=False)\n",
       "          (down_proj): Linear(in_features=11008, out_features=4096, bias=False)\n",
       "          (act_fn): SiLUActivation()\n",
       "        )\n",
       "        (input_layernorm): LlamaRMSNorm()\n",
       "        (post_attention_layernorm): LlamaRMSNorm()\n",
       "      )\n",
       "    )\n",
       "    (norm): LlamaRMSNorm()\n",
       "  )\n",
       "  (lm_head): Linear(in_features=4096, out_features=32000, bias=False)\n",
       ")"
      ]
     },
     "execution_count": 1,
     "metadata": {},
     "output_type": "execute_result"
    }
   ],
   "source": [
    "\n",
    "import os\n",
    "import torch\n",
    "import random \n",
    "import torch.nn as nn\n",
    "from transformers import LlamaForCausalLM, AutoTokenizer\n",
    "from topk_models import TopKLlamaForCausalLM, TopKLlamaConfig\n",
    "from transformers.models.llama.modeling_llama import LlamaForCausalLM\n",
    "import matplotlib.pyplot as plt\n",
    "import torch.nn.functional as F\n",
    "import numpy as np\n",
    "\n",
    "# Configurations of this notobook\n",
    "SEED=1\n",
    "MODEL_PATH = 'models/Llama-2-7b-hf'\n",
    "MODEL_TYPE = 'original'\n",
    "DATA_PATH = './data/alpaca/'\n",
    "N_SAMPLES = 50\n",
    "CACHE_PATH = 'cache/original_llama/'\n",
    "USE_GATE, USE_UP, USE_DOWN = True, True, True\n",
    "if MODEL_TYPE == 'topk':\n",
    "    from datetime import datetime\n",
    "    currentTime = datetime.now().strftime(\"%H-%M-%S\")\n",
    "    CACHE_PATH = f'cache/{currentTime}'\n",
    "    \n",
    "    os.system(f\"mkdir {CACHE_PATH} & cp topk_7b_configs.json {CACHE_PATH}\")\n",
    "    \n",
    "# load the model\n",
    "if MODEL_TYPE == 'original':\n",
    "    model = LlamaForCausalLM.from_pretrained(\"./models/Llama-2-7b-hf/\", device_map=\"auto\")\n",
    "else:\n",
    "    # load the topk model\n",
    "    config = TopKLlamaConfig.from_json_file('topk_7b_configs.json')\n",
    "    model = TopKLlamaForCausalLM.from_pretrained(\n",
    "        \"./models/Llama-2-7b-hf/\", \n",
    "        # device_map=\"auto\",\n",
    "        config=config\n",
    "    )\n",
    "tokenizer = AutoTokenizer.from_pretrained(\"./models/Llama-2-7b-hf/\")\n",
    "model.eval()"
   ]
  },
  {
   "cell_type": "markdown",
   "metadata": {},
   "source": [
    "Sample some data points from the instruction-tuning data, e.g., Alpaca52K"
   ]
  },
  {
   "cell_type": "code",
   "execution_count": 2,
   "metadata": {},
   "outputs": [],
   "source": [
    "import random\n",
    "from datasets import load_dataset\n",
    "random.seed(10)\n",
    "data = load_dataset(DATA_PATH)['train']\n",
    "data_idx_sample = random.sample([_ for _ in range(len(data))], N_SAMPLES)\n",
    "data_samples = [data[i] for i in data_idx_sample]"
   ]
  },
  {
   "cell_type": "markdown",
   "metadata": {},
   "source": [
    "Register gradients of the model"
   ]
  },
  {
   "cell_type": "code",
   "execution_count": 3,
   "metadata": {},
   "outputs": [
    {
     "name": "stderr",
     "output_type": "stream",
     "text": [
      "100%|██████████| 50/50 [07:12<00:00,  8.66s/it]\n"
     ]
    }
   ],
   "source": [
    "IGNORE_INDEX = -100\n",
    "from copy import deepcopy\n",
    "from tqdm import tqdm\n",
    "from utils import PROMPT_TEMPLATE_SINGLE as PROMPT_DICT\n",
    "from torch import optim\n",
    "prompt = PROMPT_DICT[\"prompt_input\"]\n",
    "\n",
    "\n",
    "n_layer = 32\n",
    "grads = {\n",
    "    \"gate_proj\": [[] for _ in range(n_layer)], \"up_proj\": [[] for _ in range(n_layer)], \"down_proj\": [[] for _ in range(n_layer)]\n",
    "}\n",
    "optimizer = optim.AdamW(model.parameters())\n",
    "for d in tqdm(data_samples):\n",
    "    inp = prompt.format_map(d)\n",
    "    out = f\"{d['output']}{tokenizer.eos_token}\"\n",
    "    text = inp + out\n",
    "    # tokenize\n",
    "    input_ids = tokenizer(text, return_tensors='pt').input_ids# .to(device)\n",
    "    src_len = tokenizer(inp, return_tensors='pt').input_ids.ne(tokenizer.pad_token_id).sum().item()\n",
    "    labels = deepcopy(input_ids)\n",
    "    labels[:, : src_len] = IGNORE_INDEX\n",
    "    labels = labels[:, 1:]\n",
    "    \n",
    "    # forward\n",
    "    y = model(input_ids[:,:-1])\n",
    "    loss = F.cross_entropy(input=y.logits.squeeze(), target=labels.squeeze())\n",
    "    \n",
    "    # backward\n",
    "    loss.backward()\n",
    "    \n",
    "    # record gradients\n",
    "    for n, p in model.named_parameters():\n",
    "        if len(n.split(\".\")) < 5:\n",
    "            continue\n",
    "        layer_id = int(n.split(\".\")[2])\n",
    "        name = n.split(\".\")[4]\n",
    "        if name in grads:\n",
    "            grads[name][layer_id].append(p.grad.data.detach().cpu())\n",
    "            \n",
    "    optimizer.zero_grad()\n"
   ]
  },
  {
   "cell_type": "markdown",
   "metadata": {},
   "source": [
    "Collect the gradient and analyze their gradient conflicting, for now let's just focus on one neuron in the FFN layer.\n",
    "\n",
    "The representation of neuron $i$ in Llama FFN layer could be defined as $[g_i, up_i, down_i]$, where $g_i$, $up_i$, $down_i$ represent the "
   ]
  },
  {
   "cell_type": "code",
   "execution_count": 4,
   "metadata": {},
   "outputs": [
    {
     "name": "stderr",
     "output_type": "stream",
     "text": [
      "  3%|▎         | 1/32 [00:06<03:12,  6.21s/it]"
     ]
    },
    {
     "name": "stdout",
     "output_type": "stream",
     "text": [
      "tensor([[[1.0000, 0.9938, 0.9327,  ..., 0.9882, 1.0000, 0.9925],\n",
      "         [0.9938, 1.0000, 0.9657,  ..., 0.9991, 0.9939, 0.9731],\n",
      "         [0.9327, 0.9657, 1.0000,  ..., 0.9755, 0.9332, 0.8866],\n",
      "         ...,\n",
      "         [0.9882, 0.9991, 0.9755,  ..., 1.0000, 0.9884, 0.9628],\n",
      "         [1.0000, 0.9939, 0.9332,  ..., 0.9884, 1.0000, 0.9923],\n",
      "         [0.9925, 0.9731, 0.8866,  ..., 0.9628, 0.9923, 1.0000]],\n",
      "\n",
      "        [[1.0000, 0.9030, 0.9982,  ..., 0.7508, 0.9946, 0.9643],\n",
      "         [0.9030, 1.0000, 0.9253,  ..., 0.9466, 0.9401, 0.9826],\n",
      "         [0.9982, 0.9253, 1.0000,  ..., 0.7804, 0.9990, 0.9781],\n",
      "         ...,\n",
      "         [0.7508, 0.9466, 0.7804,  ..., 1.0000, 0.8017, 0.8775],\n",
      "         [0.9946, 0.9401, 0.9990,  ..., 0.8017, 1.0000, 0.9862],\n",
      "         [0.9643, 0.9826, 0.9781,  ..., 0.8775, 0.9862, 1.0000]],\n",
      "\n",
      "        [[1.0000, 0.9869, 0.9624,  ..., 0.9969, 0.9963, 0.9967],\n",
      "         [0.9869, 1.0000, 0.9933,  ..., 0.9965, 0.9971, 0.9967],\n",
      "         [0.9624, 0.9933, 1.0000,  ..., 0.9804, 0.9819, 0.9808],\n",
      "         ...,\n",
      "         [0.9969, 0.9965, 0.9804,  ..., 1.0000, 1.0000, 1.0000],\n",
      "         [0.9963, 0.9971, 0.9819,  ..., 1.0000, 1.0000, 1.0000],\n",
      "         [0.9967, 0.9967, 0.9808,  ..., 1.0000, 1.0000, 1.0000]],\n",
      "\n",
      "        ...,\n",
      "\n",
      "        [[1.0000, 0.7357, 0.9944,  ..., 0.9636, 0.9246, 0.9967],\n",
      "         [0.7357, 1.0000, 0.6827,  ..., 0.6002, 0.5407, 0.7758],\n",
      "         [0.9944, 0.6827, 1.0000,  ..., 0.9861, 0.9580, 0.9827],\n",
      "         ...,\n",
      "         [0.9636, 0.6002, 0.9861,  ..., 1.0000, 0.9920, 0.9401],\n",
      "         [0.9246, 0.5407, 0.9580,  ..., 0.9920, 1.0000, 0.8940],\n",
      "         [0.9967, 0.7758, 0.9827,  ..., 0.9401, 0.8940, 1.0000]],\n",
      "\n",
      "        [[1.0000, 0.7726, 0.8740,  ..., 0.9946, 0.9904, 0.9092],\n",
      "         [0.7726, 1.0000, 0.9765,  ..., 0.8227, 0.8388, 0.9548],\n",
      "         [0.8740, 0.9765, 1.0000,  ..., 0.9154, 0.9279, 0.9962],\n",
      "         ...,\n",
      "         [0.9946, 0.8227, 0.9154,  ..., 1.0000, 0.9994, 0.9452],\n",
      "         [0.9904, 0.8388, 0.9279,  ..., 0.9994, 1.0000, 0.9555],\n",
      "         [0.9092, 0.9548, 0.9962,  ..., 0.9452, 0.9555, 1.0000]],\n",
      "\n",
      "        [[1.0000, 0.9537, 0.9864,  ..., 0.9703, 0.9004, 1.0000],\n",
      "         [0.9537, 1.0000, 0.8965,  ..., 0.8627, 0.9880, 0.9563],\n",
      "         [0.9864, 0.8965, 1.0000,  ..., 0.9967, 0.8290, 0.9849],\n",
      "         ...,\n",
      "         [0.9703, 0.8627, 0.9967,  ..., 1.0000, 0.7906, 0.9682],\n",
      "         [0.9004, 0.9880, 0.8290,  ..., 0.7906, 1.0000, 0.9040],\n",
      "         [1.0000, 0.9563, 0.9849,  ..., 0.9682, 0.9040, 1.0000]]])\n",
      "tensor(0.1831)\n"
     ]
    },
    {
     "name": "stderr",
     "output_type": "stream",
     "text": [
      "  6%|▋         | 2/32 [00:14<03:49,  7.66s/it]"
     ]
    },
    {
     "name": "stdout",
     "output_type": "stream",
     "text": [
      "tensor([[[1.0000, 0.9873, 0.9061,  ..., 0.7618, 0.9665, 0.9755],\n",
      "         [0.9873, 1.0000, 0.9591,  ..., 0.8384, 0.9169, 0.9306],\n",
      "         [0.9061, 0.9591, 1.0000,  ..., 0.9508, 0.7900, 0.8087],\n",
      "         ...,\n",
      "         [0.7618, 0.8384, 0.9508,  ..., 1.0000, 0.6313, 0.6505],\n",
      "         [0.9665, 0.9169, 0.7900,  ..., 0.6313, 1.0000, 0.9992],\n",
      "         [0.9755, 0.9306, 0.8087,  ..., 0.6505, 0.9992, 1.0000]],\n",
      "\n",
      "        [[1.0000, 0.9711, 0.9999,  ..., 0.9994, 0.9883, 0.9744],\n",
      "         [0.9711, 1.0000, 0.9736,  ..., 0.9622, 0.9260, 0.9999],\n",
      "         [0.9999, 0.9736, 1.0000,  ..., 0.9989, 0.9866, 0.9768],\n",
      "         ...,\n",
      "         [0.9994, 0.9622, 0.9989,  ..., 1.0000, 0.9931, 0.9660],\n",
      "         [0.9883, 0.9260, 0.9866,  ..., 0.9931, 1.0000, 0.9311],\n",
      "         [0.9744, 0.9999, 0.9768,  ..., 0.9660, 0.9311, 1.0000]],\n",
      "\n",
      "        [[1.0000, 0.9588, 0.9084,  ..., 0.9983, 0.9663, 0.9990],\n",
      "         [0.9588, 1.0000, 0.9884,  ..., 0.9735, 0.9996, 0.9702],\n",
      "         [0.9084, 0.9884, 1.0000,  ..., 0.9298, 0.9836, 0.9248],\n",
      "         ...,\n",
      "         [0.9983, 0.9735, 0.9298,  ..., 1.0000, 0.9795, 0.9999],\n",
      "         [0.9663, 0.9996, 0.9836,  ..., 0.9795, 1.0000, 0.9766],\n",
      "         [0.9990, 0.9702, 0.9248,  ..., 0.9999, 0.9766, 1.0000]],\n",
      "\n",
      "        ...,\n",
      "\n",
      "        [[1.0000, 0.9148, 0.9288,  ..., 0.9455, 0.9614, 0.9960],\n",
      "         [0.9148, 1.0000, 0.9992,  ..., 0.7644, 0.9894, 0.9451],\n",
      "         [0.9288, 0.9992, 1.0000,  ..., 0.7837, 0.9943, 0.9566],\n",
      "         ...,\n",
      "         [0.9455, 0.7644, 0.7837,  ..., 1.0000, 0.8344, 0.9153],\n",
      "         [0.9614, 0.9894, 0.9943,  ..., 0.8344, 1.0000, 0.9816],\n",
      "         [0.9960, 0.9451, 0.9566,  ..., 0.9153, 0.9816, 1.0000]],\n",
      "\n",
      "        [[1.0000, 0.9669, 0.9988,  ..., 0.9613, 0.9807, 0.9969],\n",
      "         [0.9669, 1.0000, 0.9779,  ..., 0.9998, 0.9032, 0.9451],\n",
      "         [0.9988, 0.9779, 1.0000,  ..., 0.9732, 0.9703, 0.9920],\n",
      "         ...,\n",
      "         [0.9613, 0.9998, 0.9732,  ..., 1.0000, 0.8945, 0.9381],\n",
      "         [0.9807, 0.9032, 0.9703,  ..., 0.8945, 1.0000, 0.9929],\n",
      "         [0.9969, 0.9451, 0.9920,  ..., 0.9381, 0.9929, 1.0000]],\n",
      "\n",
      "        [[1.0000, 0.9971, 0.9758,  ..., 0.9377, 0.9151, 0.9994],\n",
      "         [0.9971, 1.0000, 0.9571,  ..., 0.9111, 0.8854, 0.9991],\n",
      "         [0.9758, 0.9571, 1.0000,  ..., 0.9903, 0.9793, 0.9681],\n",
      "         ...,\n",
      "         [0.9377, 0.9111, 0.9903,  ..., 1.0000, 0.9979, 0.9263],\n",
      "         [0.9151, 0.8854, 0.9793,  ..., 0.9979, 1.0000, 0.9023],\n",
      "         [0.9994, 0.9991, 0.9681,  ..., 0.9263, 0.9023, 1.0000]]])\n",
      "tensor(0.1221)\n"
     ]
    },
    {
     "name": "stderr",
     "output_type": "stream",
     "text": [
      "  9%|▉         | 3/32 [00:23<03:56,  8.17s/it]"
     ]
    },
    {
     "name": "stdout",
     "output_type": "stream",
     "text": [
      "tensor([[[1.0000, 0.9500, 0.8125,  ..., 0.6524, 0.7809, 0.7608],\n",
      "         [0.9500, 1.0000, 0.9436,  ..., 0.8118, 0.9216, 0.9064],\n",
      "         [0.8125, 0.9436, 1.0000,  ..., 0.9496, 0.9978, 0.9943],\n",
      "         ...,\n",
      "         [0.6524, 0.8118, 0.9496,  ..., 1.0000, 0.9675, 0.9768],\n",
      "         [0.7809, 0.9216, 0.9978,  ..., 0.9675, 1.0000, 0.9992],\n",
      "         [0.7608, 0.9064, 0.9943,  ..., 0.9768, 0.9992, 1.0000]],\n",
      "\n",
      "        [[1.0000, 0.9816, 0.9872,  ..., 0.9149, 0.9948, 0.9884],\n",
      "         [0.9816, 1.0000, 0.9403,  ..., 0.8338, 0.9579, 0.9429],\n",
      "         [0.9872, 0.9403, 1.0000,  ..., 0.9654, 0.9983, 1.0000],\n",
      "         ...,\n",
      "         [0.9149, 0.8338, 0.9654,  ..., 1.0000, 0.9491, 0.9633],\n",
      "         [0.9948, 0.9579, 0.9983,  ..., 0.9491, 1.0000, 0.9987],\n",
      "         [0.9884, 0.9429, 1.0000,  ..., 0.9633, 0.9987, 1.0000]],\n",
      "\n",
      "        [[1.0000, 0.9538, 0.9956,  ..., 0.9823, 0.9664, 0.5019],\n",
      "         [0.9538, 1.0000, 0.9235,  ..., 0.8871, 0.8556, 0.6467],\n",
      "         [0.9956, 0.9235, 1.0000,  ..., 0.9955, 0.9859, 0.4620],\n",
      "         ...,\n",
      "         [0.9823, 0.8871, 0.9955,  ..., 1.0000, 0.9973, 0.4243],\n",
      "         [0.9664, 0.8556, 0.9859,  ..., 0.9973, 1.0000, 0.3967],\n",
      "         [0.5019, 0.6467, 0.4620,  ..., 0.4243, 0.3967, 1.0000]],\n",
      "\n",
      "        ...,\n",
      "\n",
      "        [[1.0000, 0.9844, 0.9963,  ..., 0.9438, 0.9898, 0.9831],\n",
      "         [0.9844, 1.0000, 0.9662,  ..., 0.8780, 0.9994, 0.9375],\n",
      "         [0.9963, 0.9662, 1.0000,  ..., 0.9677, 0.9743, 0.9951],\n",
      "         ...,\n",
      "         [0.9438, 0.8780, 0.9677,  ..., 1.0000, 0.8921, 0.9876],\n",
      "         [0.9898, 0.9994, 0.9743,  ..., 0.8921, 1.0000, 0.9483],\n",
      "         [0.9831, 0.9375, 0.9951,  ..., 0.9876, 0.9483, 1.0000]],\n",
      "\n",
      "        [[1.0000, 0.8913, 0.9151,  ..., 0.9493, 0.9681, 0.9280],\n",
      "         [0.8913, 1.0000, 0.9981,  ..., 0.7406, 0.9734, 0.9953],\n",
      "         [0.9151, 0.9981, 1.0000,  ..., 0.7710, 0.9855, 0.9994],\n",
      "         ...,\n",
      "         [0.9493, 0.7406, 0.7710,  ..., 1.0000, 0.8520, 0.7886],\n",
      "         [0.9681, 0.9734, 0.9855,  ..., 0.8520, 1.0000, 0.9909],\n",
      "         [0.9280, 0.9953, 0.9994,  ..., 0.7886, 0.9909, 1.0000]],\n",
      "\n",
      "        [[1.0000, 0.9991, 0.9978,  ..., 0.9669, 0.9864, 0.9258],\n",
      "         [0.9991, 1.0000, 0.9940,  ..., 0.9556, 0.9786, 0.9102],\n",
      "         [0.9978, 0.9940, 1.0000,  ..., 0.9815, 0.9951, 0.9477],\n",
      "         ...,\n",
      "         [0.9669, 0.9556, 0.9815,  ..., 1.0000, 0.9955, 0.9907],\n",
      "         [0.9864, 0.9786, 0.9951,  ..., 0.9955, 1.0000, 0.9737],\n",
      "         [0.9258, 0.9102, 0.9477,  ..., 0.9907, 0.9737, 1.0000]]])\n",
      "tensor(0.1057)\n"
     ]
    },
    {
     "name": "stderr",
     "output_type": "stream",
     "text": [
      " 12%|█▎        | 4/32 [00:32<03:57,  8.50s/it]"
     ]
    },
    {
     "name": "stdout",
     "output_type": "stream",
     "text": [
      "tensor([[[1.0000, 0.9897, 0.9691,  ..., 0.8136, 0.9880, 0.9487],\n",
      "         [0.9897, 1.0000, 0.9942,  ..., 0.7434, 0.9999, 0.9834],\n",
      "         [0.9691, 0.9942, 1.0000,  ..., 0.6896, 0.9954, 0.9971],\n",
      "         ...,\n",
      "         [0.8136, 0.7434, 0.6896,  ..., 1.0000, 0.7377, 0.6519],\n",
      "         [0.9880, 0.9999, 0.9954,  ..., 0.7377, 1.0000, 0.9854],\n",
      "         [0.9487, 0.9834, 0.9971,  ..., 0.6519, 0.9854, 1.0000]],\n",
      "\n",
      "        [[1.0000, 0.9998, 0.9394,  ..., 0.9847, 0.9853, 0.9981],\n",
      "         [0.9998, 1.0000, 0.9454,  ..., 0.9877, 0.9820, 0.9991],\n",
      "         [0.9394, 0.9454, 1.0000,  ..., 0.9839, 0.8746, 0.9579],\n",
      "         ...,\n",
      "         [0.9847, 0.9877, 0.9839,  ..., 1.0000, 0.9422, 0.9935],\n",
      "         [0.9853, 0.9820, 0.8746,  ..., 0.9422, 1.0000, 0.9733],\n",
      "         [0.9981, 0.9991, 0.9579,  ..., 0.9935, 0.9733, 1.0000]],\n",
      "\n",
      "        [[1.0000, 0.9351, 0.9940,  ..., 0.8019, 0.9988, 0.9949],\n",
      "         [0.9351, 1.0000, 0.9670,  ..., 0.6188, 0.9505, 0.9648],\n",
      "         [0.9940, 0.9670, 1.0000,  ..., 0.7481, 0.9981, 1.0000],\n",
      "         ...,\n",
      "         [0.8019, 0.6188, 0.7481,  ..., 1.0000, 0.7781, 0.7524],\n",
      "         [0.9988, 0.9505, 0.9981,  ..., 0.7781, 1.0000, 0.9986],\n",
      "         [0.9949, 0.9648, 1.0000,  ..., 0.7524, 0.9986, 1.0000]],\n",
      "\n",
      "        ...,\n",
      "\n",
      "        [[1.0000, 0.9786, 0.9928,  ..., 0.9865, 0.9630, 0.9996],\n",
      "         [0.9786, 1.0000, 0.9961,  ..., 0.9990, 0.8927, 0.9725],\n",
      "         [0.9928, 0.9961, 1.0000,  ..., 0.9990, 0.9262, 0.9891],\n",
      "         ...,\n",
      "         [0.9865, 0.9990, 0.9990,  ..., 1.0000, 0.9098, 0.9816],\n",
      "         [0.9630, 0.8927, 0.9262,  ..., 0.9098, 1.0000, 0.9699],\n",
      "         [0.9996, 0.9725, 0.9891,  ..., 0.9816, 0.9699, 1.0000]],\n",
      "\n",
      "        [[1.0000, 0.9992, 0.9960,  ..., 0.8919, 0.9696, 0.9975],\n",
      "         [0.9992, 1.0000, 0.9988,  ..., 0.8754, 0.9594, 0.9995],\n",
      "         [0.9960, 0.9988, 1.0000,  ..., 0.8540, 0.9451, 0.9998],\n",
      "         ...,\n",
      "         [0.8919, 0.8754, 0.8540,  ..., 1.0000, 0.9724, 0.8620],\n",
      "         [0.9696, 0.9594, 0.9451,  ..., 0.9724, 1.0000, 0.9506],\n",
      "         [0.9975, 0.9995, 0.9998,  ..., 0.8620, 0.9506, 1.0000]],\n",
      "\n",
      "        [[1.0000, 0.9820, 1.0000,  ..., 0.9987, 0.9958, 0.9984],\n",
      "         [0.9820, 1.0000, 0.9812,  ..., 0.9902, 0.9950, 0.9702],\n",
      "         [1.0000, 0.9812, 1.0000,  ..., 0.9985, 0.9955, 0.9987],\n",
      "         ...,\n",
      "         [0.9987, 0.9902, 0.9985,  ..., 1.0000, 0.9992, 0.9943],\n",
      "         [0.9958, 0.9950, 0.9955,  ..., 0.9992, 1.0000, 0.9892],\n",
      "         [0.9984, 0.9702, 0.9987,  ..., 0.9943, 0.9892, 1.0000]]])\n",
      "tensor(0.1279)\n"
     ]
    },
    {
     "name": "stderr",
     "output_type": "stream",
     "text": [
      " 16%|█▌        | 5/32 [00:41<03:55,  8.72s/it]"
     ]
    },
    {
     "name": "stdout",
     "output_type": "stream",
     "text": [
      "tensor([[[1.0000, 0.9881, 1.0000,  ..., 0.9684, 0.9993, 0.9931],\n",
      "         [0.9881, 1.0000, 0.9886,  ..., 0.9215, 0.9815, 0.9993],\n",
      "         [1.0000, 0.9886, 1.0000,  ..., 0.9676, 0.9991, 0.9935],\n",
      "         ...,\n",
      "         [0.9684, 0.9215, 0.9676,  ..., 1.0000, 0.9771, 0.9344],\n",
      "         [0.9993, 0.9815, 0.9991,  ..., 0.9771, 1.0000, 0.9879],\n",
      "         [0.9931, 0.9993, 0.9935,  ..., 0.9344, 0.9879, 1.0000]],\n",
      "\n",
      "        [[1.0000, 0.9950, 0.9486,  ..., 0.9391, 0.9896, 0.9692],\n",
      "         [0.9950, 1.0000, 0.9149,  ..., 0.9677, 0.9706, 0.9887],\n",
      "         [0.9486, 0.9149, 1.0000,  ..., 0.8035, 0.9836, 0.8530],\n",
      "         ...,\n",
      "         [0.9391, 0.9677, 0.8035,  ..., 1.0000, 0.8855, 0.9943],\n",
      "         [0.9896, 0.9706, 0.9836,  ..., 0.8855, 1.0000, 0.9263],\n",
      "         [0.9692, 0.9887, 0.8530,  ..., 0.9943, 0.9263, 1.0000]],\n",
      "\n",
      "        [[1.0000, 0.9994, 0.9915,  ..., 0.9776, 0.9561, 0.4902],\n",
      "         [0.9994, 1.0000, 0.9864,  ..., 0.9842, 0.9458, 0.5054],\n",
      "         [0.9915, 0.9864, 1.0000,  ..., 0.9435, 0.9855, 0.4367],\n",
      "         ...,\n",
      "         [0.9776, 0.9842, 0.9435,  ..., 1.0000, 0.8804, 0.5870],\n",
      "         [0.9561, 0.9458, 0.9855,  ..., 0.8804, 1.0000, 0.3734],\n",
      "         [0.4902, 0.5054, 0.4367,  ..., 0.5870, 0.3734, 1.0000]],\n",
      "\n",
      "        ...,\n",
      "\n",
      "        [[1.0000, 0.9856, 0.9976,  ..., 0.9760, 0.9935, 0.9986],\n",
      "         [0.9856, 1.0000, 0.9949,  ..., 0.9278, 0.9607, 0.9756],\n",
      "         [0.9976, 0.9949, 1.0000,  ..., 0.9592, 0.9833, 0.9926],\n",
      "         ...,\n",
      "         [0.9760, 0.9278, 0.9592,  ..., 1.0000, 0.9943, 0.9859],\n",
      "         [0.9935, 0.9607, 0.9833,  ..., 0.9943, 1.0000, 0.9981],\n",
      "         [0.9986, 0.9756, 0.9926,  ..., 0.9859, 0.9981, 1.0000]],\n",
      "\n",
      "        [[1.0000, 0.9984, 1.0000,  ..., 0.8756, 0.8579, 0.8621],\n",
      "         [0.9984, 1.0000, 0.9989,  ..., 0.8513, 0.8818, 0.8858],\n",
      "         [1.0000, 0.9989, 1.0000,  ..., 0.8716, 0.8620, 0.8662],\n",
      "         ...,\n",
      "         [0.8756, 0.8513, 0.8716,  ..., 1.0000, 0.6018, 0.6064],\n",
      "         [0.8579, 0.8818, 0.8620,  ..., 0.6018, 1.0000, 1.0000],\n",
      "         [0.8621, 0.8858, 0.8662,  ..., 0.6064, 1.0000, 1.0000]],\n",
      "\n",
      "        [[1.0000, 0.9994, 0.9793,  ..., 0.9958, 0.9803, 0.9896],\n",
      "         [0.9994, 1.0000, 0.9721,  ..., 0.9983, 0.9733, 0.9938],\n",
      "         [0.9793, 0.9721, 1.0000,  ..., 0.9574, 1.0000, 0.9417],\n",
      "         ...,\n",
      "         [0.9958, 0.9983, 0.9574,  ..., 1.0000, 0.9588, 0.9986],\n",
      "         [0.9803, 0.9733, 1.0000,  ..., 0.9588, 1.0000, 0.9433],\n",
      "         [0.9896, 0.9938, 0.9417,  ..., 0.9986, 0.9433, 1.0000]]])\n",
      "tensor(0.1530)\n"
     ]
    },
    {
     "name": "stderr",
     "output_type": "stream",
     "text": [
      " 19%|█▉        | 6/32 [00:51<03:53,  8.97s/it]"
     ]
    },
    {
     "name": "stdout",
     "output_type": "stream",
     "text": [
      "tensor([[[1.0000, 0.9575, 0.9185,  ..., 0.9958, 0.9632, 0.9992],\n",
      "         [0.9575, 1.0000, 0.9927,  ..., 0.9288, 0.9998, 0.9681],\n",
      "         [0.9185, 0.9927, 1.0000,  ..., 0.8826, 0.9899, 0.9329],\n",
      "         ...,\n",
      "         [0.9958, 0.9288, 0.8826,  ..., 1.0000, 0.9360, 0.9912],\n",
      "         [0.9632, 0.9998, 0.9899,  ..., 0.9360, 1.0000, 0.9732],\n",
      "         [0.9992, 0.9681, 0.9329,  ..., 0.9912, 0.9732, 1.0000]],\n",
      "\n",
      "        [[1.0000, 0.9971, 0.9671,  ..., 0.9115, 0.7933, 0.9915],\n",
      "         [0.9971, 1.0000, 0.9834,  ..., 0.8811, 0.8295, 0.9985],\n",
      "         [0.9671, 0.9834, 1.0000,  ..., 0.7979, 0.9079, 0.9917],\n",
      "         ...,\n",
      "         [0.9115, 0.8811, 0.7979,  ..., 1.0000, 0.5782, 0.8578],\n",
      "         [0.7933, 0.8295, 0.9079,  ..., 0.5782, 1.0000, 0.8543],\n",
      "         [0.9915, 0.9985, 0.9917,  ..., 0.8578, 0.8543, 1.0000]],\n",
      "\n",
      "        [[1.0000, 0.9934, 0.9903,  ..., 0.9353, 0.9873, 0.9916],\n",
      "         [0.9934, 1.0000, 0.9997,  ..., 0.8929, 0.9633, 0.9707],\n",
      "         [0.9903, 0.9997, 1.0000,  ..., 0.8827, 0.9566, 0.9647],\n",
      "         ...,\n",
      "         [0.9353, 0.8929, 0.8827,  ..., 1.0000, 0.9784, 0.9718],\n",
      "         [0.9873, 0.9633, 0.9566,  ..., 0.9784, 1.0000, 0.9995],\n",
      "         [0.9916, 0.9707, 0.9647,  ..., 0.9718, 0.9995, 1.0000]],\n",
      "\n",
      "        ...,\n",
      "\n",
      "        [[1.0000, 0.9932, 0.9571,  ..., 0.9895, 1.0000, 0.9813],\n",
      "         [0.9932, 1.0000, 0.9196,  ..., 0.9665, 0.9941, 0.9533],\n",
      "         [0.9571, 0.9196, 1.0000,  ..., 0.9884, 0.9550, 0.9947],\n",
      "         ...,\n",
      "         [0.9895, 0.9665, 0.9884,  ..., 1.0000, 0.9884, 0.9988],\n",
      "         [1.0000, 0.9941, 0.9550,  ..., 0.9884, 1.0000, 0.9799],\n",
      "         [0.9813, 0.9533, 0.9947,  ..., 0.9988, 0.9799, 1.0000]],\n",
      "\n",
      "        [[1.0000, 0.8812, 0.9885,  ..., 0.9350, 0.9560, 0.9475],\n",
      "         [0.8812, 1.0000, 0.9381,  ..., 0.9899, 0.9781, 0.9836],\n",
      "         [0.9885, 0.9381, 1.0000,  ..., 0.9766, 0.9889, 0.9842],\n",
      "         ...,\n",
      "         [0.9350, 0.9899, 0.9766,  ..., 1.0000, 0.9976, 0.9992],\n",
      "         [0.9560, 0.9781, 0.9889,  ..., 0.9976, 1.0000, 0.9996],\n",
      "         [0.9475, 0.9836, 0.9842,  ..., 0.9992, 0.9996, 1.0000]],\n",
      "\n",
      "        [[1.0000, 0.9909, 0.9839,  ..., 0.9900, 0.9872, 0.9512],\n",
      "         [0.9909, 1.0000, 0.9990,  ..., 1.0000, 0.9997, 0.9051],\n",
      "         [0.9839, 0.9990, 1.0000,  ..., 0.9993, 0.9998, 0.8871],\n",
      "         ...,\n",
      "         [0.9900, 1.0000, 0.9993,  ..., 1.0000, 0.9998, 0.9024],\n",
      "         [0.9872, 0.9997, 0.9998,  ..., 0.9998, 1.0000, 0.8950],\n",
      "         [0.9512, 0.9051, 0.8871,  ..., 0.9024, 0.8950, 1.0000]]])\n",
      "tensor(0.1568)\n"
     ]
    },
    {
     "name": "stderr",
     "output_type": "stream",
     "text": [
      " 22%|██▏       | 7/32 [01:00<03:47,  9.11s/it]"
     ]
    },
    {
     "name": "stdout",
     "output_type": "stream",
     "text": [
      "tensor([[[1.0000, 0.9998, 0.9991,  ..., 0.7832, 0.9875, 0.9593],\n",
      "         [0.9998, 1.0000, 0.9998,  ..., 0.7934, 0.9905, 0.9648],\n",
      "         [0.9991, 0.9998, 1.0000,  ..., 0.8035, 0.9932, 0.9700],\n",
      "         ...,\n",
      "         [0.7832, 0.7934, 0.8035,  ..., 1.0000, 0.8575, 0.9114],\n",
      "         [0.9875, 0.9905, 0.9932,  ..., 0.8575, 1.0000, 0.9914],\n",
      "         [0.9593, 0.9648, 0.9700,  ..., 0.9114, 0.9914, 1.0000]],\n",
      "\n",
      "        [[1.0000, 0.9989, 0.7837,  ..., 0.9812, 1.0000, 0.9978],\n",
      "         [0.9989, 1.0000, 0.7605,  ..., 0.9891, 0.9991, 0.9935],\n",
      "         [0.7837, 0.7605, 1.0000,  ..., 0.6866, 0.7813, 0.8157],\n",
      "         ...,\n",
      "         [0.9812, 0.9891, 0.6866,  ..., 1.0000, 0.9821, 0.9666],\n",
      "         [1.0000, 0.9991, 0.7813,  ..., 0.9821, 1.0000, 0.9974],\n",
      "         [0.9978, 0.9935, 0.8157,  ..., 0.9666, 0.9974, 1.0000]],\n",
      "\n",
      "        [[1.0000, 0.9902, 0.9973,  ..., 0.8586, 0.9384, 0.9996],\n",
      "         [0.9902, 1.0000, 0.9775,  ..., 0.9156, 0.9763, 0.9936],\n",
      "         [0.9973, 0.9775, 1.0000,  ..., 0.8251, 0.9126, 0.9950],\n",
      "         ...,\n",
      "         [0.8586, 0.9156, 0.8251,  ..., 1.0000, 0.9791, 0.8702],\n",
      "         [0.9384, 0.9763, 0.9126,  ..., 0.9791, 1.0000, 0.9468],\n",
      "         [0.9996, 0.9936, 0.9950,  ..., 0.8702, 0.9468, 1.0000]],\n",
      "\n",
      "        ...,\n",
      "\n",
      "        [[1.0000, 0.9528, 0.9464,  ..., 0.9684, 0.9607, 0.9946],\n",
      "         [0.9528, 1.0000, 0.8213,  ..., 0.8578, 0.8444, 0.9186],\n",
      "         [0.9464, 0.8213, 1.0000,  ..., 0.9968, 0.9988, 0.9740],\n",
      "         ...,\n",
      "         [0.9684, 0.8578, 0.9968,  ..., 1.0000, 0.9995, 0.9888],\n",
      "         [0.9607, 0.8444, 0.9988,  ..., 0.9995, 1.0000, 0.9839],\n",
      "         [0.9946, 0.9186, 0.9740,  ..., 0.9888, 0.9839, 1.0000]],\n",
      "\n",
      "        [[1.0000, 0.9902, 0.9889,  ..., 0.9796, 0.9046, 0.9825],\n",
      "         [0.9902, 1.0000, 1.0000,  ..., 0.9436, 0.8455, 0.9988],\n",
      "         [0.9889, 1.0000, 1.0000,  ..., 0.9407, 0.8413, 0.9992],\n",
      "         ...,\n",
      "         [0.9796, 0.9436, 0.9407,  ..., 1.0000, 0.9692, 0.9277],\n",
      "         [0.9046, 0.8455, 0.8413,  ..., 0.9692, 1.0000, 0.8234],\n",
      "         [0.9825, 0.9988, 0.9992,  ..., 0.9277, 0.8234, 1.0000]],\n",
      "\n",
      "        [[1.0000, 0.9986, 0.9293,  ..., 0.9877, 0.8418, 0.9992],\n",
      "         [0.9986, 1.0000, 0.9101,  ..., 0.9781, 0.8170, 0.9999],\n",
      "         [0.9293, 0.9101, 1.0000,  ..., 0.9742, 0.9770, 0.9154],\n",
      "         ...,\n",
      "         [0.9877, 0.9781, 0.9742,  ..., 1.0000, 0.9081, 0.9809],\n",
      "         [0.8418, 0.8170, 0.9770,  ..., 0.9081, 1.0000, 0.8238],\n",
      "         [0.9992, 0.9999, 0.9154,  ..., 0.9809, 0.8238, 1.0000]]])\n",
      "tensor(0.1510)\n"
     ]
    },
    {
     "name": "stderr",
     "output_type": "stream",
     "text": [
      " 25%|██▌       | 8/32 [01:10<03:43,  9.30s/it]"
     ]
    },
    {
     "name": "stdout",
     "output_type": "stream",
     "text": [
      "tensor([[[1.0000, 0.9952, 0.9973,  ..., 0.9835, 0.9928, 0.9673],\n",
      "         [0.9952, 1.0000, 0.9855,  ..., 0.9616, 0.9765, 0.9391],\n",
      "         [0.9973, 0.9855, 1.0000,  ..., 0.9940, 0.9989, 0.9829],\n",
      "         ...,\n",
      "         [0.9835, 0.9616, 0.9940,  ..., 1.0000, 0.9980, 0.9971],\n",
      "         [0.9928, 0.9765, 0.9989,  ..., 0.9980, 1.0000, 0.9904],\n",
      "         [0.9673, 0.9391, 0.9829,  ..., 0.9971, 0.9904, 1.0000]],\n",
      "\n",
      "        [[1.0000, 0.9974, 0.9994,  ..., 0.9994, 0.9076, 0.9236],\n",
      "         [0.9974, 1.0000, 0.9945,  ..., 0.9943, 0.8789, 0.8967],\n",
      "         [0.9994, 0.9945, 1.0000,  ..., 1.0000, 0.9202, 0.9352],\n",
      "         ...,\n",
      "         [0.9994, 0.9943, 1.0000,  ..., 1.0000, 0.9208, 0.9358],\n",
      "         [0.9076, 0.8789, 0.9202,  ..., 0.9208, 1.0000, 0.9991],\n",
      "         [0.9236, 0.8967, 0.9352,  ..., 0.9358, 0.9991, 1.0000]],\n",
      "\n",
      "        [[1.0000, 0.9645, 0.9729,  ..., 1.0000, 0.9812, 0.9962],\n",
      "         [0.9645, 1.0000, 0.9994,  ..., 0.9630, 0.9972, 0.9835],\n",
      "         [0.9729, 0.9994, 1.0000,  ..., 0.9715, 0.9992, 0.9891],\n",
      "         ...,\n",
      "         [1.0000, 0.9630, 0.9715,  ..., 1.0000, 0.9801, 0.9957],\n",
      "         [0.9812, 0.9972, 0.9992,  ..., 0.9801, 1.0000, 0.9942],\n",
      "         [0.9962, 0.9835, 0.9891,  ..., 0.9957, 0.9942, 1.0000]],\n",
      "\n",
      "        ...,\n",
      "\n",
      "        [[1.0000, 0.9939, 0.9818,  ..., 0.9964, 0.9788, 0.9910],\n",
      "         [0.9939, 1.0000, 0.9967,  ..., 0.9997, 0.9953, 0.9997],\n",
      "         [0.9818, 0.9967, 1.0000,  ..., 0.9943, 0.9999, 0.9983],\n",
      "         ...,\n",
      "         [0.9964, 0.9997, 0.9943,  ..., 1.0000, 0.9925, 0.9988],\n",
      "         [0.9788, 0.9953, 0.9999,  ..., 0.9925, 1.0000, 0.9973],\n",
      "         [0.9910, 0.9997, 0.9983,  ..., 0.9988, 0.9973, 1.0000]],\n",
      "\n",
      "        [[1.0000, 0.7755, 0.9874,  ..., 0.9966, 0.9914, 0.9856],\n",
      "         [0.7755, 1.0000, 0.8507,  ..., 0.7348, 0.8379, 0.6905],\n",
      "         [0.9874, 0.8507, 1.0000,  ..., 0.9715, 0.9996, 0.9478],\n",
      "         ...,\n",
      "         [0.9966, 0.7348, 0.9715,  ..., 1.0000, 0.9776, 0.9961],\n",
      "         [0.9914, 0.8379, 0.9996,  ..., 0.9776, 1.0000, 0.9560],\n",
      "         [0.9856, 0.6905, 0.9478,  ..., 0.9961, 0.9560, 1.0000]],\n",
      "\n",
      "        [[1.0000, 0.9877, 0.9969,  ..., 0.9944, 0.9815, 0.9446],\n",
      "         [0.9877, 1.0000, 0.9727,  ..., 0.9661, 0.9412, 0.8875],\n",
      "         [0.9969, 0.9727, 1.0000,  ..., 0.9996, 0.9934, 0.9666],\n",
      "         ...,\n",
      "         [0.9944, 0.9661, 0.9996,  ..., 1.0000, 0.9962, 0.9732],\n",
      "         [0.9815, 0.9412, 0.9934,  ..., 0.9962, 1.0000, 0.9893],\n",
      "         [0.9446, 0.8875, 0.9666,  ..., 0.9732, 0.9893, 1.0000]]])\n",
      "tensor(0.1643)\n"
     ]
    },
    {
     "name": "stderr",
     "output_type": "stream",
     "text": [
      " 28%|██▊       | 9/32 [01:20<03:38,  9.49s/it]"
     ]
    },
    {
     "name": "stdout",
     "output_type": "stream",
     "text": [
      "tensor([[[1.0000, 0.8284, 0.9997,  ..., 0.9257, 0.9892, 1.0000],\n",
      "         [0.8284, 1.0000, 0.8179,  ..., 0.6327, 0.7571, 0.8310],\n",
      "         [0.9997, 0.8179, 1.0000,  ..., 0.9334, 0.9922, 0.9996],\n",
      "         ...,\n",
      "         [0.9257, 0.6327, 0.9334,  ..., 1.0000, 0.9695, 0.9236],\n",
      "         [0.9892, 0.7571, 0.9922,  ..., 0.9695, 1.0000, 0.9883],\n",
      "         [1.0000, 0.8310, 0.9996,  ..., 0.9236, 0.9883, 1.0000]],\n",
      "\n",
      "        [[1.0000, 0.9169, 0.8901,  ..., 0.7669, 0.9253, 0.4727],\n",
      "         [0.9169, 1.0000, 0.9976,  ..., 0.9453, 0.9997, 0.3207],\n",
      "         [0.8901, 0.9976, 1.0000,  ..., 0.9648, 0.9957, 0.3002],\n",
      "         ...,\n",
      "         [0.7669, 0.9453, 0.9648,  ..., 1.0000, 0.9379, 0.2316],\n",
      "         [0.9253, 0.9997, 0.9957,  ..., 0.9379, 1.0000, 0.3278],\n",
      "         [0.4727, 0.3207, 0.3002,  ..., 0.2316, 0.3278, 1.0000]],\n",
      "\n",
      "        [[1.0000, 0.9637, 0.9332,  ..., 0.6683, 0.9026, 0.9996],\n",
      "         [0.9637, 1.0000, 0.9948,  ..., 0.8037, 0.9828, 0.9562],\n",
      "         [0.9332, 0.9948, 1.0000,  ..., 0.8513, 0.9965, 0.9235],\n",
      "         ...,\n",
      "         [0.6683, 0.8037, 0.8513,  ..., 1.0000, 0.8874, 0.6544],\n",
      "         [0.9026, 0.9828, 0.9965,  ..., 0.8874, 1.0000, 0.8915],\n",
      "         [0.9996, 0.9562, 0.9235,  ..., 0.6544, 0.8915, 1.0000]],\n",
      "\n",
      "        ...,\n",
      "\n",
      "        [[1.0000, 0.6906, 0.5695,  ..., 0.6194, 0.9013, 0.5053],\n",
      "         [0.6906, 1.0000, 0.9699,  ..., 0.9897, 0.9064, 0.9284],\n",
      "         [0.5695, 0.9699, 1.0000,  ..., 0.9946, 0.7972, 0.9900],\n",
      "         ...,\n",
      "         [0.6194, 0.9897, 0.9946,  ..., 1.0000, 0.8460, 0.9704],\n",
      "         [0.9013, 0.9064, 0.7972,  ..., 0.8460, 1.0000, 0.7273],\n",
      "         [0.5053, 0.9284, 0.9900,  ..., 0.9704, 0.7273, 1.0000]],\n",
      "\n",
      "        [[1.0000, 0.9781, 0.9998,  ..., 0.9993, 0.9937, 0.9979],\n",
      "         [0.9781, 1.0000, 0.9738,  ..., 0.9851, 0.9499, 0.9893],\n",
      "         [0.9998, 0.9738, 1.0000,  ..., 0.9984, 0.9958, 0.9964],\n",
      "         ...,\n",
      "         [0.9993, 0.9851, 0.9984,  ..., 1.0000, 0.9889, 0.9996],\n",
      "         [0.9937, 0.9499, 0.9958,  ..., 0.9889, 1.0000, 0.9846],\n",
      "         [0.9979, 0.9893, 0.9964,  ..., 0.9996, 0.9846, 1.0000]],\n",
      "\n",
      "        [[1.0000, 0.7004, 0.9428,  ..., 0.8998, 0.9391, 0.9812],\n",
      "         [0.7004, 1.0000, 0.8666,  ..., 0.9152, 0.8716, 0.7972],\n",
      "         [0.9428, 0.8666, 1.0000,  ..., 0.9927, 0.9999, 0.9887],\n",
      "         ...,\n",
      "         [0.8998, 0.9152, 0.9927,  ..., 1.0000, 0.9941, 0.9642],\n",
      "         [0.9391, 0.8716, 0.9999,  ..., 0.9941, 1.0000, 0.9869],\n",
      "         [0.9812, 0.7972, 0.9887,  ..., 0.9642, 0.9869, 1.0000]]])\n",
      "tensor(0.1781)\n"
     ]
    },
    {
     "name": "stderr",
     "output_type": "stream",
     "text": [
      " 31%|███▏      | 10/32 [01:30<03:34,  9.76s/it]"
     ]
    },
    {
     "name": "stdout",
     "output_type": "stream",
     "text": [
      "tensor([[[1.0000, 0.9775, 0.9557,  ..., 0.9938, 0.9849, 0.8559],\n",
      "         [0.9775, 1.0000, 0.9960,  ..., 0.9492, 0.9287, 0.9391],\n",
      "         [0.9557, 0.9960, 1.0000,  ..., 0.9198, 0.8955, 0.9649],\n",
      "         ...,\n",
      "         [0.9938, 0.9492, 0.9198,  ..., 1.0000, 0.9980, 0.8045],\n",
      "         [0.9849, 0.9287, 0.8955,  ..., 0.9980, 1.0000, 0.7736],\n",
      "         [0.8559, 0.9391, 0.9649,  ..., 0.8045, 0.7736, 1.0000]],\n",
      "\n",
      "        [[1.0000, 0.9100, 0.9631,  ..., 0.9864, 0.9998, 1.0000],\n",
      "         [0.9100, 1.0000, 0.9865,  ..., 0.8405, 0.9022, 0.9109],\n",
      "         [0.9631, 0.9865, 1.0000,  ..., 0.9099, 0.9577, 0.9637],\n",
      "         ...,\n",
      "         [0.9864, 0.8405, 0.9099,  ..., 1.0000, 0.9895, 0.9861],\n",
      "         [0.9998, 0.9022, 0.9577,  ..., 0.9895, 1.0000, 0.9997],\n",
      "         [1.0000, 0.9109, 0.9637,  ..., 0.9861, 0.9997, 1.0000]],\n",
      "\n",
      "        [[1.0000, 0.6766, 0.7211,  ..., 0.5929, 0.6025, 0.5950],\n",
      "         [0.6766, 1.0000, 0.9961,  ..., 0.9855, 0.9887, 0.9863],\n",
      "         [0.7211, 0.9961, 1.0000,  ..., 0.9671, 0.9719, 0.9682],\n",
      "         ...,\n",
      "         [0.5929, 0.9855, 0.9671,  ..., 1.0000, 0.9998, 1.0000],\n",
      "         [0.6025, 0.9887, 0.9719,  ..., 0.9998, 1.0000, 0.9999],\n",
      "         [0.5950, 0.9863, 0.9682,  ..., 1.0000, 0.9999, 1.0000]],\n",
      "\n",
      "        ...,\n",
      "\n",
      "        [[1.0000, 0.9444, 0.9828,  ..., 0.9158, 0.9989, 0.9925],\n",
      "         [0.9444, 1.0000, 0.8751,  ..., 0.7640, 0.9581, 0.9765],\n",
      "         [0.9828, 0.8751, 1.0000,  ..., 0.9721, 0.9733, 0.9540],\n",
      "         ...,\n",
